-131.88127062083856 -25.431881888453113 56.948626421853774 -74.52548664879883 68.32144151759164 29.229331704915854 19.147889437482867 74.78631072915978 137.32294434846187 -41.97183919977883 28.18568831612218 -44.99836197105914 68.6388402880664 -8.768178990864765 80.100970869342 -90.94575595378126 78.90333624601814 -66.81656644357545 1.6211706993884474 174.34769417357066 -34.03496587600002 -93.65019924265327 26.17919983736207 -84.37406704206724 43.96321267021618 28.049766848813913 0.618177931211634 155.69786703096324 14.755004791107766 -91.23091607259802
142.15342616972742 -35.00906258912291 -6.6116271383852325 7.895756985388787 -46.78995679782664 6.416305585302165 9.003854609925432 30.217895996543632 -59.12182334334486 15.065676937386883 39.62061051698029 -32.712570928020206 -47.187810795546014 -35.777790420617016 -59.844754176186136 13.173739743492082 89.8145083587389 24.544762787581835 -40.46285372759363 -31.176822758528193 -59.86165055801052 -83.37062765917771 59.51265565496778 46.736210636774516 -9.01486112807325 59.43276192492716 43.96866487835259 -32.741091696532735 -33.18742335561057 -34.49599085888392
65.05252200927461 26.514050241800756 53.194199469317205 5.615487427116296 -43.248104574565986 34.167034325951114 -78.15625723015764 -33.66628005434611 46.553425907843824 26.414609723425656 -23.218750610087955 32.71484236553009 37.0392378917734 -2.6301883783430857 118.3206782742701 -5.724013673219337 -42.29268401076963 95.64363686854219 -15.165091242194753 -40.0505483918273 34.110614701697656 -50.09077789668049 -30.815498329875375 -58.82398697876968 -28.217001428350287 -35.73782834731403 -29.7223612941716 33.96702685768793 -9.398464045137008 7.238850101022961
53.515343420623005 23.571269589182812 65.5070097411006 -45.41776972618082 74.48479283218023 -8.020376013857373 -28.910480177660926 14.699838792762042 28.965450113359523 -28.7530409133885 71.58428005253911 -8.593992105039597 44.65268487894006 3.5476489374880447 -15.82613996506926 -2.64138520998149 -73.38025290649585 7.17335425692055 -24.02981486960427 39.825265763861346 -52.620666801801555 -72.95913406666502 82.05378428791671 -15.60027201179658 -6.156966855883246 45.79624999127356 -111.00733491430871 -3.5812696897366436 6.2248426095774585 34.871485576142156
-73.1702132978412 35.44841883051485 25.59512420895845 -49.63311726493778 50.72806008580721 -24.387378643769633 35.555571659073465 -41.11409863953361 -40.408573033695895 -26.145853737580932 -77.27341374865692 50.17036451390128 -61.6106721163343 25.740540205077032 13.718659464416188 -49.815080557607246 45.10175386006454 88.66191136678286 31.928783964055818 -15.122353384768074 33.37385050777378 88.92970218137047 49.17149722412688 -38.3605207323555 93.69684057911485 3.661719843279751 54.00662587809121 27.808499876304715 -5.5037290092109 -16.432251884842746
18.026007226474746 30.19436224474235 6.897303336247151 -24.503111482424448 59.015681296717425 24.355949337590097 -70.65024117563759 -10.880344913889726 76.13330105480894 27.687304165841013 28.499967376237546 -5.435104011582974 -18.68342893354992 15.260653674405907 1.0367461043650417 -34.93286718571653 39.907555471859745 -46.17960981377549 46.584427767618784 -12.409228116787958 -58.01560681117077 36.929239838865215 -75.13421442784721 -108.42486888808969 -35.64614006077998 78.70902248177816 -56.472735741578255 96.62542854159665 60.95259236915771 7.1704751561626
-52.045946706469195 15.175320166146829 18.210959121208806 5.543978147876441 47.80689582466277 -24.462799096238204 0.5484101610735654 16.345472583674102 8.599316809187188 -30.414905641075542 82.36230875276942 6.028340321086637 -41.29655204182707 11.9265591271951 96.19152706576969 82.27691927079525 -63.242429365010324 21.283879405761873 -18.09972351085865 80.3149619271234 66.74296906217312 -14.999549196842379 6.611796705478815 40.939615706585485 -104.31825654657166 70.09446280544192 -2.9360102259948078 66.22891427981368 -12.74037923832577 82.84089252844323
-6.715474752246967 79.14478587661853 -54.44868416590029 38.136275828627525 35.36107118563034 6.044595958716569 112.88935709190612 -32.29848434214777 72.94975577843302 -65.0391884272356 48.6266449044704 31.97486411136838 -45.38151491345032 35.5093060313816 -71.02919133379851 28.481427786832032 17.68329919958868 -12.234012336809098 -57.05461127370237 -11.936499918444442 -20.382336114992302 30.49844474775762 -3.0437865937620168 -115.49357918188782 22.823664495301358 46.63625829965411 28.13908052550533 -15.30138117628169 -32.37237222931102 23.20273134323342
82.29343738656857 -4.813652370969226 16.99633063877463 38.77115436368207 31.927298988359137 41.132305218631714 -101.82827114238106 -66.4995311291873 -107.9616995521663 -70.86365387259373 1.2928727799130466 28.826421727545632 4.1768241266553705 32.22787177850198 -4.917468402503356 16.861761978917382 -7.188811126302014 22.793335470200173 -16.606696065541172 67.24988292599137 85.18975696268475 -19.538954712856057 20.168957874965184 -66.87502853023413 -22.895130459186763 -108.14446967179911 100.88369178315936 52.97412318953337 -85.24423855684209 -9.206161208041399
168.26441134140313 59.75526410972935 29.425521103200783 -33.25977302010383 -4.27208595476576 -16.111236665824787 -7.204903366791969 3.9516924458625455 56.216019030655154 8.19554501869856 4.182508515985947 11.303997871238582 -73.53582084859167 -39.35951818255109 -26.15408102728921 65.61970389267 39.64555368095966 84.79600472392974 68.0389614043983 64.315923270888 -6.2262872008761985 -26.310168103381923 18.107275357104914 -12.48573568927795 -43.32897597687637 -0.8406635028191232 -10.602273878768814 -4.4295112353972454 57.56129454472876 -14.077655145436236
46.36903682716648 109.47368921003371 50.823870162339695 -0.6061654507947242 39.5317685497373 2.6578776480422768 -63.84550760814396 -27.533438879589294 51.39085875609548 -78.76786992913105 -44.03568064285084 -92.89013687373178 13.353578281965527 -33.343043067735856 -16.26370836389992 64.53341305065474 26.261279810601486 50.396476454696014 21.214462507388298 16.268280166859682 7.36205665708958 4.771352757688145 46.37568898932702 100.99719018797776 -56.54196672693763 26.04965166310161 -41.431300817196096 -43.36732876351435 -3.0839462285247925 3.4256070465496746
105.85033134521215 -16.776155956769905 46.516898517931686 11.676423780035016 -10.671994283039904 -41.228959329351554 48.71414844922828 86.86911102934809 -50.96454611655672 -103.6462173017292 -7.83519613008753 34.46366805318829 5.860405785552678 47.3571501643539 -7.045551746378244 36.279986413081716 -16.263913365151165 -79.23955470085971 22.45104433167929 -23.687130275233066 36.10553749603261 19.863007365839348 13.58283275935143 48.28043808435267 -62.56913204761229 -69.17811959658414 -62.38130761487011 -16.634498622236837 -14.670660757586642 18.303429690302178
199.37091158598918 -33.87229619330329 -31.620673162991697 22.886830199791284 6.271774193090723 -33.02707951716976 39.461105809824 -1.8851366083903758 27.355004789725506 -81.45205720814187 8.834291030932897 -56.100494699048035 -22.059134031021024 57.26983984571128 45.499098389137785 22.894999902990538 12.937870386103006 26.09080887163095 -9.584790086984077 -34.71049253468104 -19.787396885973507 -64.90886309824751 -13.168332266752188 -17.218544880891685 -24.824066602830072 111.59639590046567 82.01102803304944 16.82543061194229 -31.996140118834976 33.514128065589816
96.22768209263013 -29.933792779387712 -20.08073253258991 26.94305100741771 47.32674285112084 -12.848893689095448 9.558185478227736 -138.82870059059107 -129.40198045717386 -26.964385199703955 -25.13264476291015 15.353973631209941 90.4567079053387 -15.456115336029953 -98.55833993871815 18.306089250163673 39.57009180038811 -12.325113292553652 -8.79535072047673 97.2881305178921 33.28322678208782 7.160741996279388 -18.393608388841447 59.55119189031931 17.317518598507537 27.23078152496693 -77.74771415757587 44.77506091187953 -12.456566034277605 40.45673719142141
-38.493079692411555 -3.8864400863860538 -63.98142545798834 37.551707599665185 -9.812276417364732 35.62386486220943 79.5218033981708 -2.236633326555079 17.18371809779604 -11.911021600244482 70.769755739294 47.47852626752119 12.908815910899612 8.974743039063595 -28.15151119344319 -31.039815884826915 54.312063099693994 -17.76551663147514 34.09089058745843 -8.861775324658913 -53.7507022755066 -43.48264284099654 -63.936087033629924 -42.106445637031925 25.94809423264866 41.4138467594009 32.03819324865274 -86.04548541606432 -26.32866801005634 66.61973813909232
28.381042509312937 -5.753335822091645 79.7108171516466 -95.88883594045974 48.33891052658351 63.42338374320649 12.994678024195304 -93.39758989488055 -37.197934533315966 23.77869589477238 -38.32919814582357 1.788214564632845 -1.2475155528129427 -122.49763251543861 41.271098971544234 41.522993341945295 39.83958544806616 -62.67153402761142 -100.20594516768487 -13.460644987166022 18.07570895020797 -35.94395274294967 -31.761836487054502 -14.456752497255032 -41.90499955161384 -89.21651774960131 -24.22506288539602 21.560148754414808 65.26359167058027 77.27777333083026
-26.81350086149832 43.00985036189572 57.09837123369754 -0.7163610548202929 42.02435227196081 40.08532623304448 -44.55067579564977 36.418974497903726 -51.212340591257735 -59.93701186481693 25.87815436001437 45.59770151657654 -1.723370831504072 -10.964415633238092 49.21317993047828 -12.74405911698689 -14.784726351118513 -47.75341259197868 -54.062922204513534 24.51914443661142 -13.575632040090953 33.57682612319807 64.39426090365802 -36.63459332357131 -44.25257217063334 65.72571724159702 -51.04503503804071 -20.72024668784308 -8.186201226189027 -15.80198861499438
34.54140354638365 -19.807533193529352 -80.66692616909918 2.7727303640260974 -11.242508696024982 85.76859419040356 11.797151426562875 -13.557076893145322 -18.44132366215405 -36.42690236667684 59.23499941073169 -59.36662337881551 -14.426061817168602 14.08709534892833 77.636120283408 -0.6907219176533966 70.93674875472024 77.58364453796383 35.435716354338844 91.60547940391439 98.82697938837056 40.465244962184514 14.230667917323872 -44.79398571149234 107.87623314700491 18.76407513940415 51.59846955795457 13.546380473869068 -63.683820050570155 69.97467144973717
-28.83090981047483 -82.92312679831441 25.171061409821426 -80.99808608677877 -48.13581910917402 8.608651264144918 -56.48937398734121 112.93717750106833 16.22984414637133 -110.34921479115718 -2.2281288125266654 27.838527329270473 -34.53177172894134 27.435050704734792 14.038114435351735 11.043810624922246 -5.5530341426122325 10.926924457241423 -63.863768744529935 8.970049351335849 2.204867589706308 12.34199949732487 93.53218825346079 -40.734493490039995 115.83043902963689 123.33697239445452 -25.101885994882025 -19.926476333457224 -41.86323145802888 -37.870063839315605
-99.13684859164776 8.7740708952283 -41.1668744875163 18.264363445389034 53.76127855989082 2.6607944920681814 -41.427959760186546 -58.932889309599254 -23.895886295772065 5.133459053438937 -11.525308810335277 6.9077903552820485 -1.3200987172110505 19.89144815493305 -15.832195401724556 101.54217583741465 33.701695148302754 18.22684525036895 -24.013988422034394 -69.43963908974644 18.15354531616675 -76.75414165361808 -16.41292251414375 -89.11059164650894 -29.50813754949612 29.248551893975765 -10.585931822325234 -48.10688321978715 49.70942917381585 110.64274696458831
